[-0.33080996  0.02474374  1.4517462   0.3657363  -2.31230322  3.56469899
  0.3858979 ]
MSE: 0.0791539785046
MAE: 0.0937797643796
MSD: 0.00346326364604[-0.33080996  0.02474374  1.4517462   0.3657363  -2.31230322  3.56469899
  0.3858979 ]
MSE: 0.0791466403575[-0.33080996  0.02474374  1.4517462   0.3657363  -2.31230322  3.56469899
  0.3858979 ]
MAE: 0.0937767282768[-0.33080996  0.02474374  1.4517462   0.3657363  -2.31230322  3.56469899
  0.3858979 ]
MSE: 0.0791580273229
MSD: 0.0034621040356
MAE: 0.093789791669
MSE: 0.0791357907424
MSD: 0.00344507904475
MAE: 0.0937735832339[-0.33080996  0.02474374  1.4517462   0.3657363  -2.31230322  3.56469899
  0.3858979 ]
MSD: 0.00345758814399
MSE: 0.0791485973652
MAE: 0.093784002491
MSD: 0.00346789271773[-0.33080996  0.02474374  1.4517462   0.3657363  -2.31230322  3.56469899
  0.3858979 ]
MSE: 0.0791449734488
MAE: 0.093780882715[-0.33080996  0.02474374  1.4517462   0.3657363  -2.31230322  3.56469899
  0.3858979 ]
MSD: 0.00346485441054
MSE: 0.0791608722183
MAE: 0.0937777301321
MSD: 0.00347098351582[-0.33080996  0.02474374  1.4517462   0.3657363  -2.31230322  3.56469899
  0.3858979 ]
MSE: 0.0791496966061
MAE: 0.0937858602373
MSD: 0.00345942081249[-0.33080996  0.02474374  1.4517462   0.3657363  -2.31230322  3.56469899
  0.3858979 ]
MSE: 0.0791527369183
MAE: 0.0937793239996[-0.33080996  0.02474374  1.4517462   0.3657363  -2.31230322  3.56469899
  0.3858979 ]
MSD: 0.00346814650669
MSE: 0.0791638856758
MAE: 0.0937869079328
MSD: 0.00347329740304[-0.33080996  0.02474374  1.4517462   0.3657363  -2.31230322  3.56469899
  0.3858979 ]
MSE: 0.000277419092572
MAE: 0.00221976359331
MSD: -0.00221976312636[-0.33080996  0.02474374  1.4517462   0.3657363  -2.31230322  3.56469899
  0.3858979 ]
MSE: 0.0791438054642
MAE: 0.093797320405
MSD: 0.00344682105898[-0.33080996  0.02474374  1.4517462   0.3657363  -2.31230322  3.56469899
  0.3858979 ][-0.33080996  0.02474374  1.4517462   0.3657363  -2.31230322  3.56469899
  0.3858979 ]
MSE: 0.0791498552133
MSE: 0.0791491557793
MAE: 0.0937819055164
MAE: 0.0937848721841
MSD: 0.00346159013687
MSD: 0.00346123715822[-0.33080996  0.02474374  1.4517462   0.3657363  -2.31230322  3.56469899
  0.3858979 ]
MSE: 0.0791430706401
MAE: 0.0937723417871[-0.33080996  0.02474374  1.4517462   0.3657363  -2.31230322  3.56469899
  0.3858979 ]
MSD: 0.00346448509401
MSE: 0.079147614287
MAE: 0.0937832926764
MSD: 0.00347193130343[-0.33080996  0.02474374  1.4517462   0.3657363  -2.31230322  3.56469899
  0.3858979 ]
MSE: 0.0791507989229
MAE: 0.0937765123334
MSD: 0.00346243948077[-0.33080996  0.02474374  1.4517462   0.3657363  -2.31230322  3.56469899
  0.3858979 ]
MSE: 0.0791423751364
MAE: 0.0937769129408
MSD: 0.0034533655718[-0.33080996  0.02474374  1.4517462   0.3657363  -2.31230322  3.56469899
  0.3858979 ][-0.33080996  0.02474374  1.4517462   0.3657363  -2.31230322  3.56469899
  0.3858979 ]
MSE: 0.0791481443816
MAE: 0.0937801177858
MSE: 0.0791619487719
MSD: 0.00346632773872
MAE: 0.0937970726138
MSD: 0.00345902394252[-0.33080996  0.02474374  1.4517462   0.3657363  -2.31230322  3.56469899
  0.3858979 ]
MSE: 0.0791613982035
MAE: 0.0937783581163
MSD: 0.00346559074003[-0.33080996  0.02474374  1.4517462   0.3657363  -2.31230322  3.56469899
  0.3858979 ]
MSE: 0.0791514613091
MAE: 0.0937623829955
MSD: 0.00349367943246[-0.33080996  0.02474374  1.4517462   0.3657363  -2.31230322  3.56469899
  0.3858979 ]
MSE: 0.0791536278229
MAE: 0.0937811793012
MSD: 0.00347211748398[-0.33080996  0.02474374  1.4517462   0.3657363  -2.31230322  3.56469899
  0.3858979 ]
MSE: 0.0791462544328
MAE: 0.0937760171937
MSD: 0.00345392690238[-0.33080996  0.02474374  1.4517462   0.3657363  -2.31230322  3.56469899
  0.3858979 ]
MSE: 0.041578229023
MAE: 0.0406144336523
MSD: 0.0289409222793[-0.33080996  0.02474374  1.4517462   0.3657363  -2.31230322  3.56469899
  0.3858979 ]
MSE: 0.0415975076912
MAE: 0.0406281929214
MSD: 0.028948886624[-0.33080996  0.02474374  1.4517462   0.3657363  -2.31230322  3.56469899
  0.3858979 ]
MSE: 0.0415654213349
MAE: 0.0406362515096
MSD: 0.0289015957476[-0.33080996  0.02474374  1.4517462   0.3657363  -2.31230322  3.56469899
  0.3858979 ]
MSE: 0.0415101673507
MAE: 0.0405329213491
MSD: 0.0289682216465[-0.33080996  0.02474374  1.4517462   0.3657363  -2.31230322  3.56469899
  0.3858979 ]
MSE: 0.0415717348436
MAE: 0.0406114129487
MSD: 0.0289446432197[-0.33080996  0.02474374  1.4517462   0.3657363  -2.31230322  3.56469899
  0.3858979 ]
MSE: 0.0415882094523
MAE: 0.0406219188741
MSD: 0.0289559483228[-0.33080996  0.02474374  1.4517462   0.3657363  -2.31230322  3.56469899
  0.3858979 ]
MSE: 0.0415266121378
MAE: 0.0405374342404
MSD: 0.0289632396811